3
6
1
9
15
7
-1
0
-2
5
1
11
7
8
3
-2
-2
-7
-2
4
3
3
2
8
0
-6
-2
3
-1
3
-1
2
2
-2
2
2
-1
8
17
3
30
21
18
43
22
19
17
11
14
1
8
30
39
46
3
2
-4
5
1
1
11
5
10
-3
-4
-11
-1
4
10
4
33
45
35
40
1
38
30
36
34
27
35
34
45
29
2
6
5
-3
31
51
35
29
31
65
22
25
12
4
53
21
3
39
22
1
1
1
5
11
39
16
8
-21
-36
-41
34
-39
-22
-12
-15
-14
-11
5
42
22
3
-6
-7
-10
136
8
-4
55
1
-2
29
-8
6
20
-11
4
4
10
9
4
-1
1
5
1
10
31
21
-14
165
-16
54
171
177
221
176
31
-10
9
2
-2
-24
13
3
5
-6
-27
-20
-13
200
43
10
-6
-27
-10
-10
22
33
180
195
166
96
-18
78
157
196
124
9
180
151
154
150
-2
-15
-6
6
-4
-19
-4
-19
38
-33
204
-1
1
-4
-27
85
108
40
-13
-4
-7
-7
-12
-2
31
-11
17
32
26
21
53
118
26
-1
-2
14
9
20
138
19
22
3
-2
-6
3
19
23
22
4
6
96
19
-1
-1
-6
1
3
-2
-1
3
-2
-5
7
-1
2
6
6
79
95
6
6
24
34
38
93
3
29
94
130
106
58
60
17
30
13
43
29
18
57
14
62
-2
36
14
10
25
21
52
103
160
102
20
227
97
59
209
54
110
88
198
154
8
247
24
37
161
151
85
44
172
139
30
143
121
2
204
58
24
53
20
-3
4
2
2
103
75
21
3
2
4
5
5
1
6
0
7
8
2
5
9
6
3
10
-26
-17
-6
18
18
-2
-11
31
18
36
33
22
19
-1
-1
29
24
23
34
-16
-7
-2
-12
-12
-5
-9
-9
-6
-8
-8
-10
-6
-12
-14
-10
25
-1
-2
28
-8
34
-7
19
17
22
-16
-5
258
265
268
-12
123
64
254
-7
-17
64
12
-4
-5
11
10
-18
17
-6
-5
-7
-6
-8
-15
13
-5
-8
-5
67
128
-1
-19
212
208
-4
43
29
-1
68
38
17
-14
-1
-13
-14
43
146
31
-13
14
1
-9
-5
-7
-2
2
-22
-23
0
3
5
10
30
30
-19
-26
-19
-30
7
21
-1
-22
-4
-9
-27
51
21
40
123
92
-7
21
21
20
9
85
2
22
125
18
91
19
-52
-38
-20
-29
58
-22
-12
-25
-16
-1
131
69
35
14
-9
1
-12
-6
7
-15
-30
5
-21
-16
-10
-16
-16
-12
10
49
84
146
92
74
78
58
64
149
79
85
74
84
-21
-19
-13
7
-1
31
130
50
48
81
37
-6
73
6
30
-13
-17
36
42
-25
0
-8
-17
9
24
24
29
0
7
3
9
8
1
9
7
7
4
6
13
12
13
43
140
41
16
11
33
32
37
117
45
117
12
34
41
35
19
36
38
13
19
33
10
11
34
19
18
63
28
37
52
25
25
71
36
53
69
139
49
29
32
38
84
148
111
85
48
46
40
-2
43
49
40
32
44
32
12
55
55
58
120
179
63
53
113
104
101
58
121
87
111
82
81
50
54
53
198
212
158
172
251
232
194
220
193
39
138
188
13
256
224
31
237
95
210
70
205
4
-2
-2
-7
4
12
3
-3
-2
-8
-1
-3
-3
2
3
-2
2
-4
5
-3
-4
-1
-2
-3
-2
-4
-3
-3
-4
-5
-4
-3
-4
-5
-6
4
-4
-6
-3
3
-6
8
11
-5
-6
-5
13
45
18
-6
-7
3
13
25
28
15
-2
-5
-1
-6
-6
-4
-5
1
-6
-1
-8
-9
1
-3
6
5
41
73
51
1
41
33
25
29
19
41
55
40
36
-7
-4
2
2
12
29
20
2
9
21
4
2
15
1
34
-5
-5
9
13
-4
-3
-4
-1
9
11
26
9
-9
-4
-7
7
25
10
17
15
-6
-2
-9
-11
-11
22
-4
-13
-2
-11
-9
-10
-12
-15
-3
-7
-6
10
13
10
5
8
-1
4
14
3
0
10
15
13
29
8
17
11
3
0
3
-10
-8
28
6
-10
7
10
0
-11
11
29
34
-7
-12
-3
0
-5
7
-16
3
-16
-3
-6
35
36
27
39
42
1
3
45
33
41
44
-17
21
21
29
30
15
36
15
10
13
12
-12
11
15
6
13
19
37
4
0
81
0
-16
0
1
3
-4
1
-4
2
-8
25
4
0
12
81
171
36
-3
-10
5
-1
2
12
36
7
11
-4
-8
38
1
5
5
-8
9
188
-2
7
28
3
-4
51
3
0
14
9
-3
18
9
10
26
11
-5
4
-6
65
82
185
227
176
-9
8
13
112
119
-12
13
120
44
2
-14
-16
-13
83
-17
10
-10
-12
-3
-7
38
34
55
199
188
237
222
162
222
176
37
141
223
202
213
204
-4
4
-6
18
102
63
191
206
26
22
227
102
121
225
87
1
-11
-10
-21
126
10
-12
-10
14
5
-20
17
-1
-17
-10
-12
8
-5
-18
-16
-9
0
-5
-7
-5
5
-11
-5
-15
-14
-5
-12
-1
-25
1
4
-19
-6
6
10
9
-6
-11
-5
-25
-8
-10
1
-16
-7
-6
-13
18
4
-31
-11
-13
-4
41
-17
-7
-16
-8
12
42
7
11
28
52
20
-3
-26
-12
36
-6
37
-19
77
-5
-14
-2
-7
-13
-1
77
133
-13
96
54
30
58
100
32
76
44
98
-18
-11
-12
8
12
20
12
-3
25
17
-17
10
22
-8
35
1
-14
3
6
-14
-13
-12
-8
-22
7
-8
21
3
1
12
19
30
27
2
2
8
10
7
20
7
7
20
10
6
34
10
9
9
45
6
37
11
12
4
9
7
6
5
7
8
2
10
6
6
9
1
7
14
8
15
51
12
44
84
34
11
11
25
75
71
46
69
6
0
12
32
6
2
12
8
10
2
35
3
10
14
13
33
73
109
73
28
168
49
53
103
44
89
173
55
79
5
110
22
132
174
138
89
16
177
96
7
174
199
7
146
168
9
58
4
-1
4
3
7
191
93
4
2
16
-9
-8
6
24
17
-3
0
-1
2
7
17
14
9
1
5
-4
22
14
11
16
21
14
200
-2
8
18
-4
5
25
6
-2
5
12
-2
12
1
0
20
-1
25
55
12
20
28
46
37
6
8
3
16
74
209
40
25
9
8
-6
38
27
24
22
27
38
-1
-11
-2
0
13
9
16
24
62
58
7
77
24
19
39
90
31
30
28
52
2
2
25
86
214
205
241
201
183
122
59
148
74
17
76
55
-3
210
138
-1
58
18
-3
44
29
36
1
9
2
0
6
7
6
4
-8
-25
-16
-36
-19
-3
-4
-20
-21
-22
-27
-22
-24
-7
-11
-4
-20
-19
-15
-20
-16
-21
-26
-8
-6
-8
-2
-5
-1
-6
-2
-1
-8
-7
-7
-14
-6
-9
-38
-40
-26
-22
-21
18
-19
-16
-6
-15
-31
-10
-20
-21
-4
-11
-15
-18
-17
-6
-1
-27
-5
-4
-21
-22
-18
-25
-31
-35
-32
-33
-33
-25
-35
-30
-33
-34
-34
-29
-1
-11
-21
-7
-34
-38
-24
-37
-28
-38
-32
-25
-16
-17
-35
-23
-11
-33
-31
-26
-7
-3
-33
-28
-16
47
4
-7
-2
-1
-1
-3
0
-4
3
5
9
8
2
7
-4
-1
0
-1
4
6
1
-1
4
-1
-10
2
-4
1
-6
5
6
-3
-7
3
-4
-3
-2
7
-8
-5
-12
-1
-8
-7
-8
-4
6
-4
-3
-3
3
3
21
-5
6
45
111
48
19
-6
7
101
79
79
3
250
-2
-6
9
1
1
26
44
31
-6
32
20
35
32
15
41
20
29
37
0
-5
-5
15
11
19
8
-3
-3
11
6
20
-3
0
42
-5
3
12
-2
-1
4
-6
-2
3
34
-3
8
5
2
7
16
18
0
-4
2
25
24
24
34
24
29
16
5
7
9
30
28
20
21
16
31
64
12
0
-4
-4
-5
-1
-5
12
-1
37
-8
1
-8
-8
-2
18
62
12
9
11
17
3
50
19
130
144
60
25
0
97
2
14
-4
-2
-5
34
6
7
5
-2
-7
6
21
18
13
12
44
55
35
-7
39
25
26
39
15
20
26
32
42
-4
10
269
177
66
48
65
39
44
46
45
136
39
2
35
99
27
2
-8
7
-8
-2
3
-7
133
-9
2
3
-2
-1
6
18
20
-2
-5
2
4
8
9
2
7
-1
-1
-6
8
2
3
8
3
2
-2
-6
-4
1
-6
-3
-3
-2
-1
-1
-8
-7
4
-2
5
2
-1
3
13
-7
-4
1
13
-2
-1
2
-7
-2
12
35
49
8
-6
-3
-13
-2
-6
17
-10
3
12
2
-18
-8
-7
3
2
-5
-2
1
7
-4
8
-1
4
-1
16
4
-6
7
-6
-3
-6
-3
0
2
23
34
42
4
10
36
3
-8
8
39
4
3
19
7
-2
22
7
-4
2
31
5
18
16
-4
-8
125
47
25
7
2
5
-5
49
132
207
20
1
-9
-4
-1
-1
46
5
-4
3
51
1
34
7
-6
2
2
1
37
-6
-2
7
19
49
14
84
6
35
12
5
62
45
29
117
182
21
27
67
70
170
234
84
236
116
35
208
198
185
200
153
184
75
57
4
7
3
4
16
65
148
173
44
33
67
215
8
164
109
105
160
116
-2
13
7
43
75
164
216
50
31
129
73
115
167
62
96
11
-2
87
143
-3
-7
-10
-7
104
39
175
11
10
6
14
20
40
16
1
0
12
6
18
16
11
12
-3
2
5
-4
13
15
11
8
21
46
2
15
14
6
11
11
10
12
8
8
-3
18
23
13
7
19
22
47
15
21
20
15
47
36
5
-5
21
60
36
16
42
67
26
-2
10
-4
1
6
17
35
-1
2
31
-3
20
26
48
72
126
109
11
98
81
95
109
24
142
99
102
111
-1
35
7
29
63
45
17
2
73
48
12
75
112
6
89
47
1
21
-3
-4
2
1
-3
34
288
7
6
2
-4
-2
-7
5
20
-8
-5
-8
10
7
7
25
19
-5
-7
-7
-7
11
24
-8
-6
-5
30
2
-5
-3
-2
-5
2
-8
-7
-1
-12
241
3
29
1
12
5
27
10
-15
7
10
8
-6
39
-5
-4
17
32
32
61
20
25
23
-5
31
-4
19
-10
9
-16
-1
-14
-7
-1
3
16
17
38
55
58
35
60
58
42
45
34
16
37
34
34
-4
24
15
17
15
36
21
24
29
39
28
25
27
10
5
18
-2
18
10
-3
16
5
-4
16
42
32
16
-6
-13
-11
-8
-3
-13
-11
1
-9
1
-6
-10
-3
-11
1
-5
1
2
-7
1
-9
-1
-11
25
-8
-6
-1
3
8
3
-4
3
1
-1
-1
-12
-4
-2
-16
8
9
35
15
5
-2
20
11
-2
19
-5
1
-8
33
-7
40
3
-4
2
4
-14
-8
7
10
-25
-7
-14
-6
-4
14
17
0
2
47
137
4
45
-15
11
20
40
68
9
149
87
1
13
-10
65
-13
-11
30
-9
-23
-16
0
3
125
40
210
44
1
-16
-22
5
-12
-8
-20
91
39
-12
14
15
24
29
47
53
174
13
24
14
27
41
39
30
40
37
68
43
58
35
20
23
99
15
46
32
36
48
34
16
47
19
21
34
17
-2
51
41
42
51
41
33
37
52
53
54
224
145
61
36
28
39
115
190
257
71
20
19
-8
29
14
28
37
39
22
35
27
39
34
17
27
47
44
169
183
56
144
24
25
21
180
254
149
241
195
-1
16
29
18
163
249
190
34
133
231
47
78
102
97
235
57
22
228
89
17
62
39
28
80
77
35
13
17
8
16
23
54
31
-5
-1
7
11
15
21
11
21
5
7
5
7
14
14
10
16
10
42
21
5
18
1
4
1
-4
2
5
4
-2
-2
1
5
4
-5
44
24
8
18
26
43
35
59
2
18
41
52
40
34
14
8
25
5
46
21
7
49
20
84
-11
31
14
12
6
2
22
28
56
64
10
58
41
37
40
31
63
50
71
55
2
9
12
12
48
56
35
2
39
27
11
30
26
1
72
26
8
33
10
9
1
1
-2
24
77
12
7
0
-6
0
2
3
-16
7
-1
0
-5
-7
-2
-7
-5
-3
1
-3
-9
-4
-3
3
-12
-3
2
-6
6
2
2
4
2
6
7
0
5
1
7
7
7
-2
7
4
5
-9
-3
-2
-9
-8
-12
4
-9
-14
-19
19
-15
11
4
1
-7
-9
-5
-4
-3
0
-12
4
-14
-1
-3
-8
-12
-6
0
8
16
-20
5
4
7
-6
-16
-8
-12
-17
-16
8
0
14
5
11
0
9
3
7
-1
-2
8
-9
-7
-22
-5
-5
-27
-11
3
-8
-5
-5
-9
-7
5
26
24
17
21
29
24
101
9
8
4
19
11
11
-9
13
-2
-5
-8
-5
10
5
1
4
13
28
-11
81
30
-3
-7
30
-2
20
-4
-9
81
11
89
65
140
50
36
18
11
26
27
29
28
33
22
-1
4
11
189
232
34
-8
1
8
226
273
24
30
27
29
7
-21
1
50
5
3
-9
-7
75
158
24
81
14
194
-6
197
214
92
137
138
-2
8
4
23
154
227
191
78
208
248
203
69
81
28
188
41
16
188
55
5
23
22
12
243
66
4
12